0.00  1.201332  1.108207  1.108207  121.905842  121.905842  0.001451
0.50  1.202459  1.117406  1.117405  121.884678  121.884728  0.001436
1.00  1.206101  1.144298  1.144297  121.828571  121.828636  0.002548
1.50  1.212021  1.187954  1.187954  121.736689  121.736731  0.003706
2.00  1.220088  1.246837  1.246838  121.615234  121.615273  0.004736
2.50  1.230147  1.319255  1.319258  121.474023  121.474065  0.005736
3.00  1.241927  1.403688  1.403694  121.323975  121.324046  0.006894
3.50  1.255066  1.498910  1.498921  121.175663  121.175786  0.007853
4.00  1.269139  1.603999  1.604015  121.038160  121.038338  0.008780
4.50  1.283624  1.718322  1.718344  120.919662  120.919893  0.009675
5.00  1.298109  1.841316  1.841343  120.823877  120.824161  0.010505
5.50  1.312234  1.972466  1.972499  120.752278  120.752609  0.011277
6.00  1.325699  2.111255  2.111293  120.704576  120.704949  0.011994
6.50  1.338269  2.257139  2.257183  120.679292  120.679618  0.012740
7.00  1.349767  2.409549  2.409598  120.674144  120.674426  0.013444
7.50  1.360060  2.567920  2.567974  120.686607  120.686848  0.014107
8.00  1.369048  2.731715  2.731774  120.714180  120.714384  0.014740
8.50  1.376659  2.900445  2.900508  120.754564  120.754733  0.015344
9.00  1.382837  3.073671  3.073739  120.805720  120.805857  0.015923
9.50  1.387542  3.251004  3.251077  120.865872  120.865980  0.016482
10.00  1.390745  3.432101  3.432179  120.933496  120.933576  0.017026
10.50  1.392428  3.616657  3.616739  121.007282  121.007336  0.017557
11.00  1.392584  3.804402  3.804488  121.086105  121.086136  0.018079
11.50  1.391213  3.995096  3.995186  121.168998  121.169006  0.018592
12.00  1.388323  4.188523  4.188617  121.255115  121.255103  0.019102
12.50  1.383933  4.384490  4.384588  121.343713  121.343682  0.019608
13.00  1.378071  4.582821  4.582923  121.434127  121.434076  0.020114
13.50  1.370775  4.783355  4.783460  121.525744  121.525674  0.020620
14.00  1.362098  4.985942  4.986051  121.617993  121.617884  0.021161
14.50  1.352106  5.190443  5.190556  121.710320  121.710173  0.021705
15.00  1.340881  5.396726  5.396843  121.802179  121.801993  0.022255
15.50  1.328528  5.604661  5.604782  121.893012  121.892788  0.022812
16.00  1.316398  5.814239  5.813414  121.937720  122.014670  0.071785
16.50  1.303367  6.025242  6.023473  121.980319  122.135562  0.167085
17.00  1.289604  6.237544  6.234833  122.020058  122.254881  0.263380
17.50  1.275319  6.451013  6.447363  122.056120  122.371956  0.360900
18.00  1.260756  6.665512  6.660926  122.087652  122.486067  0.459841
18.50  1.246194  6.880894  6.875373  122.113749  122.596418  0.560307
19.00  1.231950  7.097011  7.090554  122.133531  122.702182  0.662429
19.50  1.218495  7.313669  7.306276  122.145702  122.802019  0.766246
20.00  1.207082  7.530442  7.522099  122.146171  122.891979  0.871565
20.50  1.196938  7.747533  7.738218  122.137840  122.976427  0.978075
21.00  1.188419  7.964788  7.954489  122.121020  123.053720  1.085748
21.50  1.181804  8.182087  8.170790  122.095501  123.123413  1.194312
22.00  1.177327  8.399326  8.387015  122.061278  123.185232  1.303437
22.50  1.175148  8.616430  8.603083  122.018621  123.239126  1.412736
23.00  1.175347  8.833346  8.818939  121.968054  123.285257  1.521799
23.50  1.177919  9.050051  9.034560  121.910346  123.324016  1.630202
24.00  1.182722  9.266565  9.249968  121.846864  123.355889  1.737909
24.50  1.190252  9.482710  9.464995  121.777633  123.378834  1.844418
25.00  1.199636  9.698742  9.679884  121.704686  123.396771  1.949161
25.50  1.210579  9.914730  9.894711  121.629434  123.410509  2.051721
26.00  1.222948  10.130696  10.109503  121.552741  123.420320  2.152526
26.50  1.236608  10.346669  10.324279  121.474612  123.427246  2.251494
27.00  1.250898  10.562838  10.539226  121.396443  123.433636  2.348290
27.50  1.265275  10.779340  10.754508  121.320446  123.440104  2.442464
28.00  1.279595  10.996206  10.970153  121.246794  123.447080  2.534228
28.50  1.291603  11.214091  11.186861  121.180943  123.460068  2.623892
29.00  1.301160  11.433019  11.404659  121.122673  123.479174  2.711879
29.50  1.308175  11.653004  11.623566  121.071661  123.504388  2.798596
30.00  1.312584  11.874052  11.843590  121.027521  123.535642  2.884442
